10 1.75496
11 1.86395
12 1.97307
13 2.07266
14 2.16826
15 2.26959
16 2.36492
17 2.44424
18 2.52698
19 2.61767
20 2.69876
21 2.78278
22 2.85598
23 2.92924
24 3.01041
25 3.08494
26 3.147
27 3.22951
28 3.28643
29 3.36706
30 3.43113
31 3.4937
32 3.5533
33 3.61482
34 3.68598
35 3.74135
36 3.80946
37 3.86589
38 3.92963
39 3.98774
40 4.03592
41 4.10365
42 4.14282
43 4.22482
44 4.26467
45 4.32568
46 4.37983
47 4.43196
48 4.48708
49 4.53873
50 4.58333
51 4.63772
52 4.68489
53 4.73536
54 4.79342
55 4.84385
56 4.88982
57 4.9232
58 4.98293
59 5.02543
60 5.0863
61 5.11504
62 5.17566
63 5.21449
64 5.24966
65 5.31638
66 5.35013
67 5.39245
68 5.43106
69 5.49182
70 5.52421
71 5.56938
72 5.60902
73 5.64546
74 5.71124
75 5.73749
76 5.78729
77 5.82769
78 5.86622
79 5.91472
80 5.94918
81 5.9966
82 6.05319
83 6.08447
84 6.12256
85 6.14591
86 6.18787
87 6.22518
88 6.27091
89 6.30874
90 6.34084
91 6.386
92 6.42346
93 6.45122
94 6.4828
95 6.53899
96 6.57057
97 6.62184
98 6.64414
99 6.67503
100 6.71097
101 6.75982
102 6.78717
103 6.83654
104 6.85376
105 6.89111
106 6.94307
107 6.95746
108 6.99471
109 7.05008
110 7.07965
111 7.08834
112 7.13614
113 7.16188
114 7.23284
115 7.24629
116 7.28927
117 7.30374
118 7.33809
119 7.37663
120 7.4179
121 7.43776
122 7.47361
123 7.52062
124 7.53464
125 7.59298
126 7.61181
127 7.63478
128 7.67796
129 7.68309
130 7.73814
131 7.77634
132 7.80085
133 7.84696
134 7.85832
135 7.90112
136 7.90937
137 7.94906
138 7.99392
139 8.0244
140 8.06021
141 8.08409
142 8.08597
143 8.1357
144 8.15375
145 8.21158
146 8.21833
147 8.26177
148 8.2972
149 8.2968
150 8.34457
151 8.39205
152 8.41263
153 8.45627
154 8.47557
155 8.5222
156 8.52042
157 8.5651
158 8.60085
159 8.61546
160 8.63023
161 8.64658
162 8.69353
163 8.73166
164 8.76582
165 8.79829
166 8.80196
167 8.85472
168 8.85982
169 8.91402
170 8.93624
171 8.9796
172 8.99044
173 9.00279
174 9.05663
175 9.06601
176 9.09698
177 9.11402
178 9.14123
179 9.1797
180 9.21154
181 9.23508
182 9.24139
183 9.29528
184 9.33114
185 9.341
186 9.36104
187 9.39544
188 9.40186
189 9.45872
190 9.47688
191 9.50395
192 9.53329
193 9.54555
194 9.56275
195 9.60333
196 9.62683
197 9.65143
198 9.67617
199 9.7046
200 9.73931
201 9.76347
202 9.8002
203 9.8027
204 9.83662
205 9.85386
206 9.88331
207 9.91736
208 9.9419
209 9.96091
210 9.9854
211 10.0159
212 10.0352
213 10.0757
214 10.0743
215 10.0965
216 10.1349
217 10.1826
218 10.1917
219 10.2341
220 10.2229
221 10.2594
222 10.281
223 10.3079
224 10.3226
225 10.3521
226 10.3478
227 10.3982
228 10.407
229 10.4368
230 10.4604
231 10.5142
232 10.554
233 10.5598
234 10.6024
235 10.5777
236 10.6314
237 10.6512
238 10.6606
239 10.6775
240 10.7163
241 10.74
242 10.785
243 10.7621
244 10.8111
245 10.8152
246 10.8796
247 10.8783
248 10.8791
249 10.9335
250 10.9481
251 10.9642
252 11.013
253 11.0188
254 11.0652
255 11.0509
256 11.083
257 11.1217
258 11.1371
259 11.1602
260 11.1709
261 11.1577
262 11.2061
263 11.2254
264 11.2595
265 11.2627
266 11.3298
267 11.3351
268 11.3692
269 11.3498
270 11.4362
271 11.4013
272 11.423
273 11.4655
274 11.4849
275 11.5086
276 11.535
277 11.5428
278 11.5817
279 11.5906
280 11.6149
281 11.633
282 11.6623
283 11.6922
284 11.7082
285 11.7224
286 11.7476
287 11.7904
288 11.7855
289 11.8123
290 11.8499
291 11.8505
292 11.8645
293 11.9099
294 11.9143
295 11.9343
296 11.9317
297 11.9941
298 12.0078
299 12.0274
300 12.0274
301 12.0618
302 12.097
303 12.0924
304 12.1435
305 12.1433
306 12.1633
307 12.1673
308 12.232
309 12.2314
310 12.2341
311 12.2463
312 12.2599
313 12.2933
314 12.3289
315 12.3761
316 12.3675
317 12.3838
318 12.4192
319 12.4294
320 12.4824
321 12.5112
322 12.501
323 12.5219
324 12.542
325 12.5543
326 12.5845
327 12.6162
328 12.6567
329 12.6368
330 12.669
331 12.6933
332 12.6791
333 12.7188
334 12.7201
335 12.7636
336 12.7728
337 12.8011
338 12.796
339 12.8398
340 12.8609
341 12.8893
342 12.8884
343 12.9307
344 12.9397
345 12.9681
346 12.9502
347 12.9802
348 13.0054
349 13.0411
350 13.049
351 13.0693
352 13.0998
353 13.1063
354 13.1154
355 13.1611
356 13.1596
357 13.1677
358 13.166
359 13.2304
360 13.2598
361 13.2684
362 13.299
363 13.3088
364 13.3276
365 13.3035
366 13.341
367 13.3816
368 13.3663
369 13.4074
370 13.4447
371 13.4873
372 13.4755
373 13.5193
374 13.514
375 13.5276
376 13.5309
377 13.5853
378 13.5924
379 13.586
380 13.5645
381 13.6334
382 13.6885
383 13.671
384 13.7023
385 13.6875
386 13.7393
387 13.7434
388 13.78
389 13.7667
390 13.8185
391 13.8365
392 13.8204
393 13.8849
394 13.8586
395 13.912
396 13.8805
397 13.9182
398 13.976
399 13.9653
400 13.9652
401 14.0285
402 14.0205
403 14.0243
404 14.0512
405 14.0408
406 14.1066
407 14.1713
408 14.1375
409 14.1188
410 14.1686
411 14.1741
412 14.1826
413 14.2378
414 14.2453
415 14.265
416 14.2807
417 14.3147
418 14.2971
419 14.3517
420 14.3641
421 14.3612
422 14.3899
423 14.4211
424 14.4039
425 14.4505
426 14.438
427 14.468
428 14.5047
429 14.4879
430 14.5406
431 14.5291
432 14.565
433 14.598
434 14.6054
435 14.6198
436 14.6249
437 14.6792
438 14.6715
439 14.7179
440 14.7144
441 14.6941
442 14.7252
443 14.7313
444 14.7664
445 14.7968
446 14.8601
447 14.8323
448 14.8396
449 14.8472
450 14.8843
451 14.8802
452 14.9307
453 14.9106
454 14.9693
455 14.9304
456 14.9727
457 15.01
458 15.0031
459 15.043
460 15.0444
461 15.0441
462 15.0781
463 15.0941
464 15.1048
465 15.1462
466 15.1508
467 15.1907
468 15.1574
469 15.1923
470 15.197
471 15.2131
472 15.2458
473 15.264
474 15.2968
475 15.3165
476 15.3094
477 15.3078
478 15.3438
479 15.3751
480 15.3767
481 15.4096
482 15.3978
483 15.4383
484 15.4382
485 15.472
486 15.4916
487 15.4862
488 15.5398
489 15.5291
490 15.541
491 15.6005
492 15.5783
493 15.6202
494 15.6151
495 15.6341
496 15.6114
497 15.6673
498 15.6484
499 15.6915
500 15.6687
501 15.7347
502 15.7881
503 15.7678
504 15.7623
505 15.8112
506 15.7858
507 15.827
508 15.8107
509 15.8789
510 15.8281
511 15.8843
512 15.9008
513 15.8722
514 15.9433
515 16.0107
516 15.9535
517 15.9492
518 15.9833
519 16.0494
520 16.0435
521 16.0718
522 16.052
523 16.0815
524 16.0711
525 16.1073
526 16.1223
527 16.1435
528 16.1903
529 16.1793
530 16.1879
531 16.187
532 16.2392
533 16.2528
534 16.2719
535 16.3013
536 16.2881
537 16.2871
538 16.3259
539 16.3201
540 16.3369
541 16.3358
542 16.3621
543 16.3606
544 16.4165
545 16.4036
546 16.434
547 16.4408
548 16.4771
549 16.5267
550 16.5019
551 16.5021
552 16.5135
553 16.5366
554 16.5286
555 16.5745
556 16.5991
557 16.624
558 16.6523
559 16.6377
560 16.6406
561 16.6441
562 16.679
563 16.6816
564 16.7553
565 16.7237
566 16.7423
567 16.7888
568 16.7997
569 16.7788
570 16.8091
571 16.8283
572 16.8069
573 16.8716
574 16.8541
575 16.8716
576 16.9069
577 16.9362
578 16.9621
579 16.944
580 16.9947
581 16.999
582 17.0078
583 17.0726
584 17.0586
585 17.0576
586 17.0494
587 17.0741
588 17.0721
589 17.1251
590 17.1062
591 17.1197
592 17.1453
593 17.1484
594 17.2277
595 17.1955
596 17.1751
597 17.2345
598 17.2168
599 17.2568
600 17.2757
601 17.2863
602 17.2941
603 17.3066
604 17.3484
605 17.385
606 17.355
607 17.4476
608 17.4008
609 17.4163
610 17.4157
611 17.4081
612 17.4069
613 17.4817
614 17.4669
615 17.5103
616 17.4581
617 17.5366
618 17.5511
619 17.5751
620 17.5756
621 17.5893
622 17.5909
623 17.601
624 17.5977
625 17.6098
626 17.6396
627 17.6492
628 17.6818
629 17.6787
630 17.6673
631 17.7161
632 17.7403
633 17.7865
634 17.7398
635 17.7343
636 17.8027
637 17.8078
638 17.8315
639 17.8274
640 17.8452
641 17.8432
642 17.876
643 17.9155
644 17.8716
645 17.9269
646 17.9361
647 17.9425
648 17.968
649 18.013
650 18.0098
651 17.9968
652 18.0573
653 18.0576
654 18.0713
655 18.0389
656 18.0828
657 18.1015
658 18.1547
659 18.1198
660 18.1308
661 18.1641
662 18.2206
663 18.1769
664 18.2133
665 18.2194
666 18.2148
667 18.2327
668 18.274
669 18.2308
670 18.2529
671 18.287
672 18.2612
673 18.3287
674 18.3168
675 18.3316
676 18.3882
677 18.4471
678 18.392
679 18.4019
680 18.4368
681 18.413
682 18.4508
683 18.4557
684 18.4497
685 18.486
686 18.4707
687 18.5133
688 18.6004
689 18.5724
690 18.5625
691 18.5735
692 18.5541
693 18.5701
694 18.6364
695 18.6503
696 18.612
697 18.6539
698 18.6955
699 18.6626
700 18.6991
701 18.7307
702 18.7362
703 18.7367
704 18.7455
705 18.7447
706 18.7662
707 18.7918
708 18.8029
709 18.8639
710 18.8551
711 18.8258
712 18.8531
713 18.8493
714 18.9111
715 18.8914
716 18.8898
717 18.9156
718 18.976
719 18.9349
720 18.9752
721 18.9935
722 18.9948
723 19.0485
724 19.0156
725 19.0483
726 19.0566
727 19.0914
728 19.1262
729 19.0775
730 19.118
731 19.0688
732 19.1376
733 19.1261
734 19.1786
735 19.1964
736 19.2191
737 19.177
738 19.2275
739 19.2234
740 19.2243
741 19.2767
742 19.2524
743 19.2739
744 19.2704
745 19.3057
746 19.3348
747 19.3069
748 19.3467
749 19.3769
750 19.3662
751 19.3958
752 19.4028
753 19.4054
754 19.4324
755 19.4074
756 19.462
757 19.4472
758 19.4904
759 19.5038
760 19.4983
761 19.5237
762 19.5221
763 19.5408
764 19.5737
765 19.5819
766 19.5704
767 19.6433
768 19.6116
769 19.6355
770 19.6649
771 19.5998
772 19.6505
773 19.6983
774 19.687
775 19.7401
776 19.6678
777 19.7447
778 19.7516
779 19.7488
780 19.7622
781 19.7979
782 19.8194
783 19.8205
784 19.841
785 19.8404
786 19.8532
787 19.8726
788 19.8716
789 19.8686
790 19.9139
791 19.9322
792 19.9285
793 19.9496
794 19.9358
795 19.9308
796 19.9965
797 20.0119
798 20.0208
799 19.9825
800 20.016
801 20.0628
802 20.0177
803 20.064
804 20.0744
805 20.043
806 20.1096
807 20.0851
808 20.1427
809 20.1118
810 20.1337
811 20.1829
812 20.1818
813 20.1764
814 20.2392
815 20.2407
816 20.2233
817 20.3061
818 20.273
819 20.3026
820 20.2796
821 20.2945
822 20.3023
823 20.3603
824 20.3553
825 20.3311
826 20.3715
827 20.3604
828 20.3768
829 20.3979
830 20.4084
831 20.3925
832 20.4547
833 20.3848
834 20.4862
835 20.4454
836 20.4469
837 20.5034
838 20.4966
839 20.5449
840 20.5575
841 20.5689
842 20.5
843 20.5868
844 20.5832
845 20.6365
846 20.6189
847 20.6387
848 20.669
849 20.6672
850 20.6717
851 20.6658
852 20.7405
853 20.7137
854 20.7507
855 20.8072
856 20.7081
857 20.7999
858 20.7559
859 20.84
860 20.774
861 20.7795
862 20.7768
863 20.7886
864 20.8531
865 20.8415
866 20.8941
867 20.8911
868 20.882
869 20.9157
870 20.8721
871 20.971
872 20.9407
873 20.95
874 20.9457
875 20.9846
876 20.9282
877 21.0207
878 20.983
879 21.0573
880 21.0237
881 21.066
882 21.017
883 21.0845
884 21.0943
885 21.1185
886 21.1219
887 21.1193
888 21.1489
889 21.1547
890 21.174
891 21.1473
892 21.1664
893 21.197
894 21.1953
895 21.1988
896 21.2664
897 21.2618
898 21.2446
899 21.2886
900 21.305
901 21.3229
902 21.298
903 21.2856
904 21.3662
905 21.3683
906 21.3447
907 21.3816
908 21.4493
909 21.3983
910 21.4116
911 21.363
912 21.4341
913 21.4257
914 21.4716
915 21.4332
916 21.4692
917 21.4821
918 21.5019
919 21.5114
920 21.5492
921 21.5857
922 21.5466
923 21.5287
924 21.5649
925 21.5677
926 21.6331
927 21.5843
928 21.6164
929 21.6432
930 21.6484
931 21.654
932 21.6259
933 21.7326
934 21.7169
935 21.7173
936 21.7283
937 21.7017
938 21.7502
939 21.7361
940 21.7756
941 21.7689
942 21.8384
943 21.8179
944 21.7739
945 21.8277
946 21.7999
947 21.8798
948 21.9227
949 21.8364
950 21.8784
951 21.8913
952 21.8933
953 21.9014
954 21.9236
955 22.0225
956 21.9232
957 21.9462
958 21.9531
959 21.9982
960 22.0065
961 22.0157
962 22.0381
963 22.0408
964 22.0526
965 22.079
966 22.0308
967 22.1173
968 22.1028
969 22.1115
970 22.1119
971 22.1238
972 22.132
973 22.1246
974 22.1544
975 22.2115
976 22.2035
977 22.1834
978 22.2145
979 22.2444
980 22.207
981 22.2109
982 22.2459
983 22.2895
984 22.2437
985 22.2607
986 22.3115
987 22.2964
988 22.338
989 22.3544
990 22.3347
991 22.3945
992 22.408
993 22.3528
994 22.3808
995 22.4246
996 22.4135
997 22.4116
998 22.4304
999 22.4611
