100
419890896718010347
997816824767778831
811757097617442959
10
898851395165194267
943967308180576451
90615189040212060
498765390770485013
344885963304799554
771992305484192971
1099511627776
398029628515244068
400170976801596972
916238802947165360
264874568171563274
586073614508049755
972097017429981149
542042144127984682
373026499435317648
947320437816114937
533736701448250262
64
259730286546287068
854729116008799395
570078903945854416
971803787373202787
914729720832408011
990376737238297762
926274339470200571
549755813888
328160940330161007
516598673825509665
946115032778814065
639150360829654079
122223768608244187
559618168683890544
2
8388608
960427713714852735
831887338031399461
828732743492943795
294598916870359520
603384509829062065
64477286310337002
576460752303423488
923935888269340965
267583006438454607
919354584101336786
235721732641621997
333754423184845818
3
972030798495177737
924644332882069086
698039907960901756
744970926580797212
50102516640990411
147724898224491256
56509984910529404
921509754517955126
538520121772222799
922202940324998034
934850087422525550
621431318146079572
970509493953861163
154401707667843657
118481673172605232
727687005684669778
961042448783688740
952669700567077701
228037274667073641
671028920002459038
105316528008569251
36956346727155602
625650367018263385
298504986994128743
63270558864400104
917813839845738640
517248443260469572
458811979497217208
750981279911727560
922602063028983435
957009676087905366
302780029994748227
122036507399980893
925487482291747437
882943837505440995
354772519360269088
138075049392378199
658621469398009961
586806853594344907
500964104685222715
1
1099511627776
879407146540761398
149199907211544618
43224439713770088
647734817723686696
29198054050561671
927098597076418398
371787707413810245
