100
47395
98016
30530
97292
2
45238
1906
35091
81089
16960
89524
7526
96386
96143
78625
38105
92604
28732
63999
69293
85498
35968
91784
91063
77765
16412
32
66194
46047
128
92999
3510
34321
35223
95169
17323
40443
11412
5363
91473
90633
4487
19698
34435
23038
32
91769
72560
31687
97005
93827
94959
97568
37826
16316
1240
72446
5153
39460
99895
2
29625
71980
1
20041
95247
35855
3
45616
21852
93668
56222
97445
16858
86013
88531
84734
47649
88951
85645
98372
90032
93925
50151
82351
8
250
27575
30425
30947
92003
15873
15996
94444
98438
7780
47198
2
10
90697
